[gd_scene load_steps=10 format=2]

[ext_resource path="res://level/building.tscn" type="PackedScene" id=1]
[ext_resource path="res://level/ground.tres" type="Material" id=2]
[ext_resource path="res://level/barrel.tscn" type="PackedScene" id=3]
[ext_resource path="res://level/box.tscn" type="PackedScene" id=4]
[ext_resource path="res://level/lantern.tscn" type="PackedScene" id=5]

[sub_resource type="CubeMesh" id=1]
size = Vector3( 200, 5, 200 )
subdivide_width = 1
subdivide_height = 12
subdivide_depth = 1

[sub_resource type="CubeMesh" id=2]
material = ExtResource( 2 )
size = Vector3( 11.12, 4.297, 18.987 )

[sub_resource type="PlaneMesh" id=3]
size = Vector2( 80, 200 )

[sub_resource type="SpatialMaterial" id=4]
albedo_color = Color( 0.25098, 0.47451, 0.639216, 1 )
roughness = 0.0

[node name="level" type="Spatial"]

[node name="ground" type="Spatial" parent="."]

[node name="base" type="CSGCombiner" parent="ground"]
transform = Transform( 1, 0, 0, 0, 1, 0, 0, 0, 1, 0, -0.790321, 0 )
material_override = ExtResource( 2 )
use_collision = true

[node name="CSGMesh" type="CSGMesh" parent="ground/base"]
transform = Transform( 1, 0, 0, 0, 1, 0, 0, 0, 1, 0, -1.74173, 0 )
mesh = SubResource( 1 )

[node name="CSGPolygon" type="CSGPolygon" parent="ground/base"]
transform = Transform( 1, 0, 0, 0, -4.37114e-08, 1, 0, -1, -4.37114e-08, 1.12951, 0.848022, -0.643026 )
operation = 2
polygon = PoolVector2Array( -41.8986, 103.066, -45.804, 91.35, -40.5968, 76.5094, -30.1823, 68.9589, -17.6849, 60.3669, -9.61366, 50.7335, -6.22896, 42.1416, -12.4776, 31.9875, -21.0696, 21.3126, -28.6201, 15.0639, -33.567, 4.64943, -35.1292, -6.54614, -32.2652, -14.8777, -27.3183, -20.8661, -21.5903, -27.3751, -10.9155, -33.3635, -1.02171, -38.05, 8.61169, -46.1212, 11.4757, -59.66, 9.39277, -72.9385, 2.62337, -90.6431, -1.8028, -92.726, -9.09294, -104.963, 11.736, -105.484, 13.2982, -94.5486, 19.8073, -84.6548, 27.3578, -77.625, 31.2632, -68.7727, 28.6596, -55.7546, 16.9433, -39.6121, 10.4342, -34.4049, -5.44786, -29.7184, -12.4776, -25.2922, -11.4362, -16.4399, -11.9569, -1.3389, -6.22896, 6.73233, -6.22896, 12.981, -6.74968, 22.0937, 0.540465, 30.1649, 8.87205, 41.3605, 4.44589, 51.775, -3.36498, 65.3138, -15.3416, 73.6454, -23.1525, 81.1959, -26.5372, 98.9005, -23.6732, 110.356 )
depth = 2.976

[node name="CSGPolygon2" type="CSGPolygon" parent="ground/base"]
transform = Transform( 1, 0, 0, 0, -4.37114e-08, 1, 0, -1, -4.37114e-08, 0, 2.3357, -5.5379 )
polygon = PoolVector2Array( -2.88577, -12.2168, -3.45645, -5.8562, -2.57993, -0.501161, -0.588218, 5.23902, 5.3037, 13.7552, 10.6008, 13.238, 15.9253, 12.1915, 21.6036, 9.92185, 27.1119, 7.44665, 35.2869, 4.74602, 38.4229, 3.00454, 37.4997, 0.984813, 34.0207, -5.28127, 30.1973, -14.3005, 25.1937, -19.3491, 19.8317, -24.3082, 15.4347, -24.1388, 9.05171, -22.1222, 2.96474, -19.1454, -0.0175571, -16.1137 )
depth = 2.982

[node name="CSGBox" type="CSGBox" parent="ground/base"]
transform = Transform( 0.627816, -0.509794, -0.588181, 0.630364, 0.776299, 0, 0.456604, -0.370768, 0.80873, 3.72899, 0.0439575, -19.1889 )
width = 4.84357

[node name="CSGBox2" type="CSGBox" parent="ground/base"]
transform = Transform( -0.708765, 0.575526, 0.407948, 0.630364, 0.776299, 0, -0.31669, 0.257156, -0.913005, 39.0369, 0.0439575, -6.86355 )
width = 4.84357

[node name="CSGBox3" type="CSGBox" parent="ground/base"]
transform = Transform( -0.423416, 0.343819, -0.838157, 0.630364, 0.776299, 0, 0.650661, -0.528344, -0.545429, 37.4048, 0.0439579, -10.4773 )
width = 4.84357

[node name="CSGBox4" type="CSGBox" parent="ground/base"]
transform = Transform( 0.78176, 0, -0.623579, 0, 1, 0, 0.623579, 0, 0.78176, -6.5456, 0.780739, -29.5287 )
width = 12.4018
height = 0.169128
depth = 3.72022

[node name="island" type="MeshInstance" parent="ground"]
transform = Transform( 1, 0, 0, 0, 1, 0, 0, 0, 1, -20.3744, -1.95606, 5.3087 )
mesh = SubResource( 2 )
material/0 = null

[node name="water" type="MeshInstance" parent="ground"]
transform = Transform( 1, 0, 0, 0, 1, 0, 0, 0, 1, -3.82281, -1.07816, -0.260235 )
mesh = SubResource( 3 )
material/0 = SubResource( 4 )

[node name="buildings" type="Spatial" parent="."]

[node name="building" parent="buildings" instance=ExtResource( 1 )]
transform = Transform( 0.888721, 0, -0.458448, 0, 1, 0, 0.458448, 0, 0.888721, 13.8516, -1.90735e-06, -24.5463 )

[node name="building53" parent="buildings" instance=ExtResource( 1 )]
transform = Transform( 2.2727, 0, -0.0208202, 0, 1, 0, 0.0473284, 0, 0.999783, 17.4214, -1.90735e-06, -23.9398 )

[node name="building3" parent="buildings" instance=ExtResource( 1 )]
transform = Transform( 0.991743, 0, -0.128242, 0, 1, 0, 0.128242, 0, 0.991743, 21.2852, -1.90735e-06, -23.1224 )

[node name="building54" parent="buildings" instance=ExtResource( 1 )]
transform = Transform( 0.361878, 0, 0.981313, 0, 0.596109, 0, -1.84553, 0, 0.192419, 22.4711, -1.90735e-06, -26.7053 )

[node name="building59" parent="buildings" instance=ExtResource( 1 )]
transform = Transform( 0.194658, 0, 0.994629, 0, 0.975565, 0, -1.87057, 0, 0.103504, 23.89, -1.90735e-06, -36.1259 )

[node name="building56" parent="buildings" instance=ExtResource( 1 )]
transform = Transform( 0.361878, 0, 0.981313, 0, 0.712727, 0, -1.84553, 0, 0.192419, 22.9645, -1.90735e-06, -31.4424 )

[node name="building55" parent="buildings" instance=ExtResource( 1 )]
transform = Transform( 0.361878, 0, 0.981313, 0, 0.596109, 0, -1.84553, 0, 0.192419, 28.381, -1.90735e-06, -26.4053 )

[node name="building57" parent="buildings" instance=ExtResource( 1 )]
transform = Transform( 0.186694, 0, 0.981313, 0, 0.757737, 0, -0.952114, 0, 0.192419, 28.8517, -1.90735e-06, -29.6407 )

[node name="building58" parent="buildings" instance=ExtResource( 1 )]
transform = Transform( -0.0472955, 0, 0.99979, 0, 0.330867, 0, -2.30786, 0, -0.0204889, 28.9521, -1.90735e-06, -34.1115 )

[node name="building65" parent="buildings" instance=ExtResource( 1 )]
transform = Transform( -1.03317, 0, 0.835587, 0, 0.975565, 0, -1.57147, 0, -0.549358, 20.5437, -1.90735e-06, -45.2236 )

[node name="building69" parent="buildings" instance=ExtResource( 1 )]
transform = Transform( -1.2177, 0, 0.762081, 0, 0.975565, 0, -1.43323, 0, -0.647482, 25.2061, 0, -48.1565 )

[node name="building70" parent="buildings" instance=ExtResource( 1 )]
transform = Transform( -1.87502, 0, 0.0775192, 0, 0.975565, 0, -0.145789, 0, -0.996991, 27.0116, 0, -49.3571 )

[node name="building71" parent="buildings" instance=ExtResource( 1 )]
transform = Transform( -1.87502, 0, 0.0775192, 0, 0.851365, 0, -0.259748, 0, -1.77631, 32.1693, 0, -49.1512 )

[node name="building72" parent="buildings" instance=ExtResource( 1 )]
transform = Transform( -1.87502, 0, 0.0775192, 0, 1.05247, 0, -0.259748, 0, -1.77631, 36.4455, 0, -46.7635 )

[node name="building73" parent="buildings" instance=ExtResource( 1 )]
transform = Transform( -1.5323, 0, 1.04393, 0, 1.05247, 0, -1.1114, 0, -1.43927, 39.7781, 0, -43.681 )

[node name="building66" parent="buildings" instance=ExtResource( 1 )]
transform = Transform( -0.561334, 0, 0.954418, 0, 0.712727, 0, -1.79495, 0, -0.298475, 22.3574, -1.90735e-06, -40.5805 )

[node name="building67" parent="buildings" instance=ExtResource( 1 )]
transform = Transform( -0.125937, 0, 0.99154, 0, 0.757737, 0, -0.962037, 0, -0.129799, 29.0933, -1.90735e-06, -38.6144 )

[node name="building68" parent="buildings" instance=ExtResource( 1 )]
transform = Transform( -1.01083, 0, 0.899023, 0, 0.56783, 0, -2.07526, 0, -0.437901, 27.6492, -1.90735e-06, -42.7687 )

[node name="building4" parent="buildings" instance=ExtResource( 1 )]
transform = Transform( 2.4116, 0, -0.0392532, 0, 0.913618, 0, 0.0573224, 0, 1.65142, 30.1979, 0.189226, -22.2681 )

[node name="building7" parent="buildings" instance=ExtResource( 1 )]
transform = Transform( 2.35056, 0, -0.371301, 0, 0.913618, 0, 0.542221, 0, 1.60961, 42.238, 0, -20.014 )

[node name="building8" parent="buildings" instance=ExtResource( 1 )]
transform = Transform( 2.35056, 0, -0.371301, 0, 0.913618, 0, 0.542221, 0, 1.60961, 37.4702, 1.03359, -33.025 )

[node name="building9" parent="buildings" instance=ExtResource( 1 )]
transform = Transform( 2.12055, 0, 0.787459, 0, 0.913618, 0, -1.14995, 0, 1.45211, 58.06, 0, -19.701 )

[node name="building24" parent="buildings" instance=ExtResource( 1 )]
transform = Transform( 0.839064, 0, 1.54874, 0, 1.34006, 0, -2.26166, 0, 0.574574, 11.0162, 0, -27.8301 )

[node name="building25" parent="buildings" instance=ExtResource( 1 )]
transform = Transform( 1.40232, 0, 1.34409, 0, 1.11549, 0, -1.96281, 0, 0.960277, 15.628, 0, -36.8391 )

[node name="building61" parent="buildings" instance=ExtResource( 1 )]
transform = Transform( 0.718509, 0, 1.51435, 0, 0.870911, 0, -1.64887, 0, 0.659893, 12.3403, 0, -32.481 )

[node name="building62" parent="buildings" instance=ExtResource( 1 )]
transform = Transform( 0.46305, 0, 0.57158, 0, 0.363812, 0, -1.06263, 0, 0.249071, -2.869, 0, -20.816 )

[node name="building64" parent="buildings" instance=ExtResource( 1 )]
transform = Transform( 0.758238, 0, 0.47159, 0, 0.473632, 0, -0.876736, 0, 0.407851, 1.60002, -4.76837e-07, -28.8734 )

[node name="building63" parent="buildings" instance=ExtResource( 1 )]
transform = Transform( -0.0823876, 0, 0.620204, 0, 0.260661, 0, -0.799244, 0, -0.0639318, -3.89491, 0, -17.918 )

[node name="building10" parent="buildings" instance=ExtResource( 1 )]
transform = Transform( 1.19984, 0, -1.43305, 0, 0.913618, 0, 2.09273, 0, 0.821627, 54.023, 0, -24.142 )

[node name="building11" parent="buildings" instance=ExtResource( 1 )]
transform = Transform( 0.0412315, 0, -1.65164, 0, 0.913618, 0, 2.41193, 0, 0.0282345, 50.9807, -1.17901, -33.2298 )

[node name="building12" parent="buildings" instance=ExtResource( 1 )]
transform = Transform( 2.33951, 0, -0.352515, 0, 1.67227, 0, 0.514786, 0, 1.60204, 70.0968, 0, -19.8222 )

[node name="building13" parent="buildings" instance=ExtResource( 1 )]
transform = Transform( 1.66205, 0, -1.19723, 0, 1.17527, 0, 1.74835, 0, 1.13813, 78.8686, 0, -13.6444 )

[node name="building5" parent="buildings" instance=ExtResource( 1 )]
transform = Transform( 2.19854, 0, -0.720187, 0, 1, 0, 0.992753, 0, 1.48662, 20.025, 1.43787, -9.94089 )

[node name="building26" parent="buildings" instance=ExtResource( 1 )]
transform = Transform( 1.41868, 0, 1.33602, 0, 1, 0, -1.95102, 0, 0.97148, 4.17079, 1.43787, -8.19067 )

[node name="building27" parent="buildings" instance=ExtResource( 1 )]
transform = Transform( -0.11222, 0, 1.65009, 0, 1.14092, 0, -2.40967, 0, -0.0768458, 2.4528, 1.43787, -4.31291 )

[node name="building74" parent="buildings" instance=ExtResource( 1 )]
transform = Transform( 0.20142, 0, 1.64611, 0, 1.14092, 0, -2.40386, 0, 0.137928, 2.4239, 1.43787, 2.23432 )

[node name="building6" parent="buildings" instance=ExtResource( 1 )]
transform = Transform( 1.78413, 0, -0.679816, 0, 0.813355, 0, 0.805628, 0, 1.50551, 32.3938, 1.43787, -4.53441 )

[node name="building50" parent="buildings" instance=ExtResource( 1 )]
transform = Transform( 1.01719, 0, -0.387583, 0, 1.28016, 0, 0.459312, 0, 0.858336, 24.611, 1.43787, -8.72342 )

[node name="building52" parent="buildings" instance=ExtResource( 1 )]
transform = Transform( 1.7432, 0, -0.387583, 0, 0.706948, 0, 0.787144, 0, 0.858336, 28.2438, 1.43787, -7.64646 )

[node name="building15" parent="buildings" instance=ExtResource( 1 )]
transform = Transform( 1.78413, 0, -0.981962, 0, 0.813355, 0, 0.805628, 0, 2.17464, 29.007, 1.43787, 2.265 )

[node name="building17" parent="buildings" instance=ExtResource( 1 )]
transform = Transform( 0.745007, 0, -1.20527, 0, 0.954206, 0, 0.701903, 0, 1.27929, 23.5374, 1.43787, 8.19489 )

[node name="building18" parent="buildings" instance=ExtResource( 1 )]
transform = Transform( 1.0858, 0, -1.20527, 0, 1.11929, 0, 1.02298, 0, 1.27929, 18.6398, 1.43787, 13.8263 )

[node name="building32" parent="buildings" instance=ExtResource( 1 )]
transform = Transform( 0.529292, 0, -0.0766318, 0, 0.640725, 0, 0.0650417, 0, 0.62361, -21.0124, 0, 3.00534 )

[node name="building33" parent="buildings" instance=ExtResource( 1 )]
transform = Transform( 0.529292, 0, -0.0766319, 0, 0.572308, 0, 0.0650417, 0, 0.62361, -19.7566, 0, -0.429762 )

[node name="building34" parent="buildings" instance=ExtResource( 1 )]
transform = Transform( 0.529292, 0, -0.0766319, 0, 0.572308, 0, 0.0650417, 0, 0.62361, -16.8721, 0, 1.42341 )

[node name="building35" parent="buildings" instance=ExtResource( 1 )]
transform = Transform( 0.529292, 0, -0.0766319, 0, 0.572308, 0, 0.0650417, 0, 0.62361, -18.6901, 0, 3.6809 )

[node name="building36" parent="buildings" instance=ExtResource( 1 )]
transform = Transform( 0.529292, 0, -0.0766319, 0, 0.572308, 0, 0.0650417, 0, 0.62361, -23.9225, 0, 4.62696 )

[node name="building37" parent="buildings" instance=ExtResource( 1 )]
transform = Transform( 0.455087, 0, 0.327523, 0, 0.785807, 0, -0.277987, 0, 0.536181, -22.1768, 0, 6.27855 )

[node name="building38" parent="buildings" instance=ExtResource( 1 )]
transform = Transform( 0.529292, 0, -0.0766319, 0, 0.572308, 0, 0.0650417, 0, 0.62361, -23.5714, 0, 9.09501 )

[node name="building39" parent="buildings" instance=ExtResource( 1 )]
transform = Transform( 0.529292, 0, -0.0766318, 0, 0.449685, 0, 0.0650417, 0, 0.62361, -22.067, 0, 12.6233 )

[node name="building40" parent="buildings" instance=ExtResource( 1 )]
transform = Transform( 0.381144, 0, 0.439437, 0, 0.572308, 0, -0.372975, 0, 0.449062, -18.352, 0, 12.4367 )

[node name="building29" parent="buildings" instance=ExtResource( 1 )]
transform = Transform( 1.78413, 0, -0.981962, 0, 0.813355, 0, 0.805628, 0, 2.17464, 32.4829, 0, 19.0699 )

[node name="building47" parent="buildings" instance=ExtResource( 1 )]
transform = Transform( 1.10935, 0, -0.610571, 0, 0.253153, 0, 0.500928, 0, 1.35216, 38.7558, 0, 23.0663 )

[node name="building48" parent="buildings" instance=ExtResource( 1 )]
transform = Transform( 0.868489, 0, -1.03949, 0, 0.315491, 0, 0.852825, 0, 1.05858, 42.9277, 0, 26.0564 )

[node name="building30" parent="buildings" instance=ExtResource( 1 )]
transform = Transform( 0.745007, 0, -1.20527, 0, 0.954206, 0, 0.701903, 0, 1.27929, 27.0133, 0, 24.9998 )

[node name="building31" parent="buildings" instance=ExtResource( 1 )]
transform = Transform( 1.0858, 0, -1.20527, 0, 1.11929, 0, 1.02298, 0, 1.27929, 28.4911, 0, 31.2649 )

[node name="building16" parent="buildings" instance=ExtResource( 1 )]
transform = Transform( 1.303, 0, -1.78071, 0, 0.813355, 0, 1.46095, 0, 1.5882, 35.6102, 0, 12.8375 )

[node name="building14" parent="buildings" instance=ExtResource( 1 )]
transform = Transform( 1.5381, 0, 1.90816, 0, 0.813355, 0, -1.21095, 0, 2.42368, 42.9919, 0, 8.47955 )

[node name="building19" parent="buildings" instance=ExtResource( 1 )]
transform = Transform( 2.91662, 0, 2.26564, 0, 1.21696, 0, -3.15666, 0, 2.09336, 49.5366, 0, 16.7924 )

[node name="building20" parent="buildings" instance=ExtResource( 1 )]
transform = Transform( 0.883216, 0, 1.53323, 0, 1.00626, 0, -2.19844, 0, 0.615972, 60.2163, 0, 20.6201 )

[node name="building21" parent="buildings" instance=ExtResource( 1 )]
transform = Transform( 0.247841, 0, 1.64327, 0, 1.25551, 0, -2.35622, 0, 0.172849, 72.8886, 0, 30.9118 )

[node name="building22" parent="buildings" instance=ExtResource( 1 )]
transform = Transform( -0.155754, 0, 1.64877, 0, 1.00626, 0, -2.3641, 0, -0.108626, 73.6075, 0, 22.1938 )

[node name="building2" parent="buildings" instance=ExtResource( 1 )]
transform = Transform( 1.16475, 0, -0.409372, 0, 0.927399, 0, 0.409372, 0, 1.16475, 15.9817, 1.43787, -12.0492 )

[node name="building49" parent="buildings" instance=ExtResource( 1 )]
transform = Transform( 1.16475, 0, -0.409372, 0, 1.2017, 0, 0.409372, 0, 1.16475, 12.5631, 1.43787, -13.1093 )

[node name="building28" parent="buildings" instance=ExtResource( 1 )]
transform = Transform( 0.943425, 0, -0.331585, 0, 1, 0, 0.331585, 0, 0.943425, 2.0508, 1.43787, 7.04415 )

[node name="building23" parent="buildings" instance=ExtResource( 1 )]
transform = Transform( 0.943425, 0, -0.331585, 0, 1, 0, 0.331585, 0, 0.943425, 7.33924, 1.43787, -14.9688 )

[node name="building51" parent="buildings" instance=ExtResource( 1 )]
transform = Transform( 0.984313, 0, -0.176432, 0, 0.588292, 0, 0.176432, 0, 0.984313, 9.86222, 1.43787, -14.2285 )

[node name="building60" parent="buildings" instance=ExtResource( 1 )]
transform = Transform( 0.803597, 0, -0.595174, 0, 0.588292, 0, 0.595174, 0, 0.803597, 5.97422, 1.43787, -12.4256 )

[node name="building41" parent="buildings" instance=ExtResource( 1 )]
transform = Transform( -1.74396, 0, 1.17309, 0, 1, 0, -1.66665, 0, -1.163, 33.6691, 0, 36.7236 )

[node name="building42" parent="buildings" instance=ExtResource( 1 )]
transform = Transform( -1.98618, 0, -0.937474, 0, 1, 0, 1.36902, 0, -1.36009, 49.7243, 0, 42.7588 )

[node name="building43" parent="buildings" instance=ExtResource( 1 )]
transform = Transform( -0.694551, 0, -1.58193, 0, 1.14092, 0, 2.31013, 0, -0.475614, 54.6291, 0, 34.9836 )

[node name="building44" parent="buildings" instance=ExtResource( 1 )]
transform = Transform( -0.779721, 0, 0.626128, 0, 1, 0, -0.626128, 0, -0.779721, 40.1747, 0, 44.6105 )

[node name="building45" parent="buildings" instance=ExtResource( 1 )]
transform = Transform( -0.779721, 0, 0.626128, 0, 1, 0, -0.626128, 0, -0.779721, 57.0627, 0, 28.3026 )

[node name="building46" parent="buildings" instance=ExtResource( 1 )]
transform = Transform( -0.779721, 0, 0.626128, 0, 1, 0, -0.626128, 0, -0.779721, 44.4843, 0, 48.0996 )

[node name="building75" parent="buildings" instance=ExtResource( 1 )]
transform = Transform( -0.166305, 0, 2.37744, 0, 0.813355, 0, -1.95051, 0, -0.202705, 84.6494, 0, 67.0106 )

[node name="building76" parent="buildings" instance=ExtResource( 1 )]
transform = Transform( -0.103406, 0, 1.47826, 0, 0.253153, 0, -1.2128, 0, -0.126039, 85.0808, 0, 59.5854 )

[node name="building77" parent="buildings" instance=ExtResource( 1 )]
transform = Transform( 0.321262, 0, 1.43101, 0, 0.315491, 0, -1.17404, 0, 0.391579, 85.6579, 0, 54.4852 )

[node name="building78" parent="buildings" instance=ExtResource( 1 )]
transform = Transform( 0.249681, 0, 1.70453, 0, 0.954206, 0, -0.992654, 0, 0.428738, 92.4933, 0, 68.8956 )

[node name="building79" parent="buildings" instance=ExtResource( 1 )]
transform = Transform( 0.363894, 0, 1.70453, 0, 1.11929, 0, -1.44673, 0, 0.428738, 97.2432, 0, 64.5512 )

[node name="building80" parent="buildings" instance=ExtResource( 1 )]
transform = Transform( 0.640418, 0, 2.25477, 0, 0.813355, 0, -1.84987, 0, 0.780592, 77.6832, 0, 67.3182 )

[node name="building81" parent="buildings" instance=ExtResource( 1 )]
transform = Transform( -1.80712, 0, 1.18601, 0, 0.813355, 0, -0.75266, 0, -2.84757, 70.2797, 0, 62.9974 )

[node name="building82" parent="buildings" instance=ExtResource( 1 )]
transform = Transform( -4.17798, 0, 0.723332, 0, 1.21696, 0, -1.0078, 0, -2.99868, 74.3475, 0, 53.2306 )

[node name="building83" parent="buildings" instance=ExtResource( 1 )]
transform = Transform( -2.35008, 0, -0.209593, 0, 1.00626, 0, 0.300526, 0, -1.63899, 72.4834, 0, 42.04 )

[node name="building84" parent="buildings" instance=ExtResource( 1 )]
transform = Transform( -0.605074, 0, -1.58731, 0, 1, 0, 2.33517, 0, -0.457333, 99.4851, 0, 57.3691 )

[node name="building85" parent="buildings" instance=ExtResource( 1 )]
transform = Transform( 2.16356, 0, -0.730547, 0, 1, 0, 1.06684, 0, 1.48156, 96.9281, 0, 40.4088 )

[node name="building86" parent="buildings" instance=ExtResource( 1 )]
transform = Transform( 2.35564, 0, 0.355882, 0, 1.14092, 0, -0.519704, 0, 1.61309, 87.7483, 0, 39.9164 )

[node name="building87" parent="buildings" instance=ExtResource( 1 )]
transform = Transform( -0.166597, 0, -0.986025, 0, 1, 0, 0.986025, 0, -0.166597, 103.2, 0, 47.8442 )

[node name="building88" parent="buildings" instance=ExtResource( 1 )]
transform = Transform( -0.166597, 0, -0.986025, 0, 1, 0, 0.986025, 0, -0.166597, 80.7287, 0, 41.0484 )

[node name="building89" parent="buildings" instance=ExtResource( 1 )]
transform = Transform( -0.166597, 0, -0.986025, 0, 1, 0, 0.986025, 0, -0.166597, 104.146, 0, 42.3804 )

[node name="building121" parent="buildings" instance=ExtResource( 1 )]
transform = Transform( -0.166305, 0, 2.37744, 0, 0.813355, 0, -1.95051, 0, -0.202705, 94.604, 0, 18.5919 )

[node name="building122" parent="buildings" instance=ExtResource( 1 )]
transform = Transform( -0.103406, 0, 1.47826, 0, 0.253153, 0, -1.2128, 0, -0.126039, 95.0355, 0, 11.1667 )

[node name="building123" parent="buildings" instance=ExtResource( 1 )]
transform = Transform( 0.321262, 0, 1.43101, 0, 0.315491, 0, -1.17404, 0, 0.391579, 95.6125, 0, 6.06645 )

[node name="building124" parent="buildings" instance=ExtResource( 1 )]
transform = Transform( 0.249681, 0, 1.70453, 0, 0.954206, 0, -0.992654, 0, 0.428738, 102.448, 0, 20.4769 )

[node name="building125" parent="buildings" instance=ExtResource( 1 )]
transform = Transform( 0.363894, 0, 1.70453, 0, 1.11929, 0, -1.44673, 0, 0.428738, 107.198, 0, 16.1325 )

[node name="building126" parent="buildings" instance=ExtResource( 1 )]
transform = Transform( 0.640418, 0, 2.25477, 0, 0.813355, 0, -1.84987, 0, 0.780592, 87.6378, 0, 18.8995 )

[node name="building127" parent="buildings" instance=ExtResource( 1 )]
transform = Transform( -1.80712, 0, 1.18601, 0, 0.813355, 0, -0.75266, 0, -2.84757, 80.2343, 0, 14.5787 )

[node name="building128" parent="buildings" instance=ExtResource( 1 )]
transform = Transform( -4.17798, 0, 0.723332, 0, 1.21696, 0, -1.0078, 0, -2.99868, 84.3021, 0, 4.81192 )

[node name="building129" parent="buildings" instance=ExtResource( 1 )]
transform = Transform( -2.35008, 0, -0.209593, 0, 1.00626, 0, 0.300526, 0, -1.63899, 82.4381, 0, -6.37872 )

[node name="building130" parent="buildings" instance=ExtResource( 1 )]
transform = Transform( -0.605074, 0, -1.58731, 0, 1, 0, 2.33517, 0, -0.457333, 109.44, 0, 8.95038 )

[node name="building131" parent="buildings" instance=ExtResource( 1 )]
transform = Transform( 2.16356, 0, -0.730547, 0, 1, 0, 1.06684, 0, 1.48156, 106.883, 0, -8.00993 )

[node name="building132" parent="buildings" instance=ExtResource( 1 )]
transform = Transform( 2.35564, 0, 0.355882, 0, 1.14092, 0, -0.519704, 0, 1.61309, 97.7029, 0, -8.50231 )

[node name="building136" parent="buildings" instance=ExtResource( 1 )]
transform = Transform( 0.289538, 0, 1.63994, 0, 0.963701, 0, -2.39485, 0, 0.198269, 94.8556, 0, -1.12549 )

[node name="building133" parent="buildings" instance=ExtResource( 1 )]
transform = Transform( -0.166597, 0, -0.986025, 0, 1, 0, 0.986025, 0, -0.166597, 113.155, 0, -0.574537 )

[node name="building134" parent="buildings" instance=ExtResource( 1 )]
transform = Transform( -0.166597, 0, -0.986025, 0, 1, 0, 0.986025, 0, -0.166597, 90.6833, 0, -7.37031 )

[node name="building135" parent="buildings" instance=ExtResource( 1 )]
transform = Transform( -0.166597, 0, -0.986025, 0, 1, 0, 0.986025, 0, -0.166597, 114.1, 0, -6.03827 )

[node name="building90" parent="buildings" instance=ExtResource( 1 )]
transform = Transform( -0.166305, 0, 2.37744, 0, 0.813355, 0, -1.95051, 0, -0.202705, 60.7575, 0, -39.8472 )

[node name="building91" parent="buildings" instance=ExtResource( 1 )]
transform = Transform( -0.103406, 0, 1.47826, 0, 0.253153, 0, -1.2128, 0, -0.126039, 61.189, 0, -47.2724 )

[node name="building92" parent="buildings" instance=ExtResource( 1 )]
transform = Transform( 0.321262, 0, 1.43101, 0, 0.315491, 0, -1.17404, 0, 0.391579, 61.766, 0, -52.3726 )

[node name="building93" parent="buildings" instance=ExtResource( 1 )]
transform = Transform( 0.249681, 0, 1.70453, 0, 0.954206, 0, -0.992654, 0, 0.428738, 68.6014, 0, -37.9622 )

[node name="building94" parent="buildings" instance=ExtResource( 1 )]
transform = Transform( 0.363894, 0, 1.70453, 0, 1.11929, 0, -1.44673, 0, 0.428738, 73.3513, 0, -42.3066 )

[node name="building95" parent="buildings" instance=ExtResource( 1 )]
transform = Transform( 0.640418, 0, 2.25477, 0, 0.813355, 0, -1.84987, 0, 0.780592, 53.7913, 0, -39.5396 )

[node name="building96" parent="buildings" instance=ExtResource( 1 )]
transform = Transform( -1.80712, 0, 1.18601, 0, 0.813355, 0, -0.75266, 0, -2.84757, 46.3878, 0, -43.8604 )

[node name="building97" parent="buildings" instance=ExtResource( 1 )]
transform = Transform( -4.17798, 0, 0.723332, 0, 1.21696, 0, -1.0078, 0, -2.99868, 50.4556, 0, -53.6272 )

[node name="building98" parent="buildings" instance=ExtResource( 1 )]
transform = Transform( -2.35008, 0, -0.209593, 0, 1.00626, 0, 0.300526, 0, -1.63899, 48.5916, 0, -64.8178 )

[node name="building99" parent="buildings" instance=ExtResource( 1 )]
transform = Transform( -0.605074, 0, -1.58731, 0, 1, 0, 2.33517, 0, -0.457333, 75.5932, 0, -49.4887 )

[node name="building100" parent="buildings" instance=ExtResource( 1 )]
transform = Transform( 2.16356, 0, -0.730547, 0, 1, 0, 1.06684, 0, 1.48156, 73.0363, 0, -66.449 )

[node name="building101" parent="buildings" instance=ExtResource( 1 )]
transform = Transform( 2.35564, 0, 0.355882, 0, 1.14092, 0, -0.519704, 0, 1.61309, 63.8564, 0, -66.9414 )

[node name="building102" parent="buildings" instance=ExtResource( 1 )]
transform = Transform( -0.166597, 0, -0.986025, 0, 1, 0, 0.986025, 0, -0.166597, 79.3083, 0, -59.0136 )

[node name="building103" parent="buildings" instance=ExtResource( 1 )]
transform = Transform( -0.166597, 0, -0.986025, 0, 1, 0, 0.986025, 0, -0.166597, 56.8368, 0, -65.8094 )

[node name="building104" parent="buildings" instance=ExtResource( 1 )]
transform = Transform( -0.166597, 0, -0.986025, 0, 1, 0, 0.986025, 0, -0.166597, 80.2539, 0, -64.4774 )

[node name="building105" parent="buildings" instance=ExtResource( 1 )]
transform = Transform( 1.95759, 0, -0.00435785, 0, 0.813355, 0, 0.0035753, 0, 2.38606, 10.1903, 0, -58.9709 )

[node name="building106" parent="buildings" instance=ExtResource( 1 )]
transform = Transform( 1.05319, 0, 0.743792, 0, 0.253153, 0, -0.610226, 0, 1.28371, 12.8306, 0, -64.9028 )

[node name="building107" parent="buildings" instance=ExtResource( 1 )]
transform = Transform( 1.19904, 0, 0.255368, 0, 0.679935, 0, -0.20951, 0, 1.46148, 16.1828, 0, -66.4101 )

[node name="building108" parent="buildings" instance=ExtResource( 1 )]
transform = Transform( -0.0826477, 0, 1.75189, 0, 0.954206, 0, -1.02023, 0, -0.141918, 11.5919, 0, -52.164 )

[node name="building109" parent="buildings" instance=ExtResource( 1 )]
transform = Transform( 0.0693274, 0, 1.75573, 0, 1.11929, 0, -1.49018, 0, 0.0816811, 17.3697, 0, -45.8951 )

[node name="building120" parent="buildings" instance=ExtResource( 1 )]
transform = Transform( 1.27737, -2.34481e-07, 0.907881, -4.64466e-07, 1.11929, 1.61998e-06, -0.77057, -1.06336e-06, 1.50499, 13.2455, 7.74561e-06, -48.2649 )

[node name="building110" parent="buildings" instance=ExtResource( 1 )]
transform = Transform( 1.94644, 0, 0.254355, 0, 0.813355, 0, -0.208679, 0, 2.37247, 2.91935, 0, -72.3217 )

[node name="building111" parent="buildings" instance=ExtResource( 1 )]
transform = Transform( -0.0889168, 0, 3.0815, 0, 0.813355, 0, -1.95557, 0, -0.140111, 3.67439, 0, -80.8605 )

[node name="building112" parent="buildings" instance=ExtResource( 1 )]
transform = Transform( 0.515043, 0, 2.08442, 0, 0.835167, 0, -2.90416, 0, 0.369664, 21.4224, 0, -67.7573 )

[node name="building113" parent="buildings" instance=ExtResource( 1 )]
transform = Transform( -1.27306, 0, 1.39353, 0, 1.00626, 0, -1.99813, 0, -0.887859, 23.5738, 0, -87.7949 )

[node name="building114" parent="buildings" instance=ExtResource( 1 )]
transform = Transform( -0.921599, 0, 1.52658, 0, 1, 0, -2.2293, 0, -0.631092, 23.5769, 0, -52.7784 )

[node name="building115" parent="buildings" instance=ExtResource( 1 )]
transform = Transform( -0.05531, 0, -1.65161, 0, 1, 0, 3.06856, 0, -0.02977, 25.5792, 9.53674e-07, -59.8727 )

[node name="building116" parent="buildings" instance=ExtResource( 1 )]
transform = Transform( 1.47372, 0, -1.30778, 0, 1.14092, 0, 1.90978, 0, 1.00918, 31.9981, 0, -74.8892 )

[node name="building117" parent="buildings" instance=ExtResource( 1 )]
transform = Transform( -0.963045, 0, -0.26934, 0, 1, 0, 0.26934, 0, -0.963045, 31.4084, 0, -57.5324 )

[node name="building118" parent="buildings" instance=ExtResource( 1 )]
transform = Transform( -0.963045, 0, -0.26934, 0, 1, 0, 0.26934, 0, -0.963045, 27.9835, 0, -80.7578 )

[node name="building119" parent="buildings" instance=ExtResource( 1 )]
transform = Transform( -0.963045, 0, -0.26934, 0, 1, 0, 0.26934, 0, -0.963045, 36.7544, 0, -59.0045 )

[node name="props" type="Spatial" parent="."]

[node name="barrel" parent="props" instance=ExtResource( 3 )]
transform = Transform( 1, 0, 0, 0, 1, 0, 0, 0, 1, 3.02025, 0, -27.6515 )

[node name="barrel2" parent="props" instance=ExtResource( 3 )]
transform = Transform( 1, 0, 0, 0, 1, 0, 0, 0, 1, 2.343, 0, -27.5916 )

[node name="barrel3" parent="props" instance=ExtResource( 3 )]
transform = Transform( 1, 0, 0, 0, 1, 0, 0, 0, 1, 2.69456, -2.38419e-07, -27.2053 )

[node name="barrel48" parent="props" instance=ExtResource( 3 )]
transform = Transform( -0.999764, 0, -0.0217105, 0, 1, 0, 0.0217105, 0, -0.999764, -0.398501, -2.38419e-07, -22.9952 )

[node name="barrel49" parent="props" instance=ExtResource( 3 )]
transform = Transform( -0.999764, 0, -0.0217105, 0, 1, 0, 0.0217105, 0, -0.999764, -0.134127, -4.76837e-07, -23.4457 )

[node name="barrel4" parent="props" instance=ExtResource( 3 )]
transform = Transform( 1, 0, 0, 0, 1, 0, 0, 0, 1, 3.06533, -4.76837e-07, -28.3182 )

[node name="barrel5" parent="props" instance=ExtResource( 3 )]
transform = Transform( 1, 0, 0, 0, 1, 0, 0, 0, 1, 3.5918, -7.15256e-07, -28.5557 )

[node name="barrel6" parent="props" instance=ExtResource( 3 )]
transform = Transform( 0.182802, 0, -0.98315, 0, 1, 0, 0.98315, 0, 0.182802, 8.20539, 2.38419e-07, -24.5953 )

[node name="barrel7" parent="props" instance=ExtResource( 3 )]
transform = Transform( 0.182802, 0, -0.98315, 0, 1, 0, 0.98315, 0, 0.182802, 8.02271, 2.38419e-07, -25.2502 )

[node name="barrel8" parent="props" instance=ExtResource( 3 )]
transform = Transform( 0.182802, 0, -0.98315, 0, 1, 0, 0.98315, 0, 0.182802, 7.70715, 0, -24.834 )

[node name="barrel9" parent="props" instance=ExtResource( 3 )]
transform = Transform( 0.182802, 0, -0.98315, 0, 1, 0, 0.98315, 0, 0.182802, 8.86913, -2.38419e-07, -24.6729 )

[node name="barrel10" parent="props" instance=ExtResource( 3 )]
transform = Transform( 0.182802, 0, -0.98315, 0, 1, 0, 0.98315, 0, 0.182802, 9.19885, -4.76837e-07, -24.1987 )

[node name="barrel11" parent="props" instance=ExtResource( 3 )]
transform = Transform( 0.699439, 0, -0.714692, 0, 1, 0, 0.714692, 0, 0.699439, 10.2943, 2.38419e-07, -23.6665 )

[node name="barrel12" parent="props" instance=ExtResource( 3 )]
transform = Transform( 0.699439, 0, -0.714692, 0, 1, 0, 0.714692, 0, 0.699439, 9.77783, 2.38419e-07, -24.1087 )

[node name="barrel13" parent="props" instance=ExtResource( 3 )]
transform = Transform( 0.699439, 0, -0.714692, 0, 1, 0, 0.714692, 0, 0.699439, 9.74761, 0, -23.5872 )

[node name="barrel14" parent="props" instance=ExtResource( 3 )]
transform = Transform( 0.699439, 0, -0.714692, 0, 1, 0, 0.714692, 0, 0.699439, 10.8024, -2.38419e-07, -24.1007 )

[node name="barrel15" parent="props" instance=ExtResource( 3 )]
transform = Transform( 0.699439, 0, -0.714692, 0, 1, 0, 0.714692, 0, 0.699439, 11.3403, -4.76837e-07, -23.8905 )

[node name="barrel16" parent="props" instance=ExtResource( 3 )]
transform = Transform( 0.351057, 0, -0.936354, 0, 1, 0, 0.936354, 0, 0.351057, 8.15455, 2.38419e-07, -23.6565 )

[node name="barrel17" parent="props" instance=ExtResource( 3 )]
transform = Transform( 0.351057, 0, -0.936354, 0, 1, 0, 0.936354, 0, 0.351057, 7.86073, 2.38419e-07, -24.2697 )

[node name="barrel18" parent="props" instance=ExtResource( 3 )]
transform = Transform( 0.351057, 0, -0.936354, 0, 1, 0, 0.936354, 0, 0.351057, 7.62239, 0, -23.8049 )

[node name="barrel19" parent="props" instance=ExtResource( 3 )]
transform = Transform( 0.351057, 0, -0.936354, 0, 1, 0, 0.936354, 0, 0.351057, 8.79468, -2.38419e-07, -23.8484 )

[node name="barrel20" parent="props" instance=ExtResource( 3 )]
transform = Transform( 0.351057, 0, -0.936354, 0, 1, 0, 0.936354, 0, 0.351057, 9.20186, -4.76837e-07, -23.4388 )

[node name="barrel21" parent="props" instance=ExtResource( 3 )]
transform = Transform( 0.351057, 0, -0.936354, 0, 1, 0, 0.936354, 0, 0.351057, 16.695, 2.38419e-07, -17.7799 )

[node name="barrel22" parent="props" instance=ExtResource( 3 )]
transform = Transform( 0.351057, 0, -0.936354, 0, 1, 0, 0.936354, 0, 0.351057, 16.4012, 2.38419e-07, -18.3931 )

[node name="barrel74" parent="props" instance=ExtResource( 3 )]
transform = Transform( 0.351057, 0, -0.936354, 0, 1, 0, 0.936354, 0, 0.351057, 29.7026, 2.38419e-07, -12.6266 )

[node name="barrel75" parent="props" instance=ExtResource( 3 )]
transform = Transform( 0.351057, 0, -0.936354, 0, 1, 0, 0.936354, 0, 0.351057, 35.6955, 2.38419e-07, -10.5415 )

[node name="barrel23" parent="props" instance=ExtResource( 3 )]
transform = Transform( 0.351057, 0, -0.936354, 0, 1, 0, 0.936354, 0, 0.351057, 16.1629, 0, -17.9283 )

[node name="barrel24" parent="props" instance=ExtResource( 3 )]
transform = Transform( 0.351057, 0, -0.936354, 0, 1, 0, 0.936354, 0, 0.351057, 17.3352, -2.38419e-07, -17.9718 )

[node name="barrel25" parent="props" instance=ExtResource( 3 )]
transform = Transform( 0.351057, 0, -0.936354, 0, 1, 0, 0.936354, 0, 0.351057, 17.7423, -4.76837e-07, -17.5622 )

[node name="barrel26" parent="props" instance=ExtResource( 3 )]
transform = Transform( -0.790337, 0, -0.612672, 0, 1, 0, 0.612672, 0, -0.790337, 24.3758, 1.19209e-06, -29.3619 )

[node name="barrel27" parent="props" instance=ExtResource( 3 )]
transform = Transform( -0.790337, 0, -0.612672, 0, 1, 0, 0.612672, 0, -0.790337, 24.8744, 1.19209e-06, -29.8242 )

[node name="barrel28" parent="props" instance=ExtResource( 3 )]
transform = Transform( -0.790337, 0, -0.612672, 0, 1, 0, 0.612672, 0, -0.790337, 24.3598, 9.53674e-07, -29.9141 )

[node name="barrel29" parent="props" instance=ExtResource( 3 )]
transform = Transform( -0.790337, 0, -0.612672, 0, 1, 0, 0.612672, 0, -0.790337, 24.7487, 7.15256e-07, -28.8073 )

[node name="barrel30" parent="props" instance=ExtResource( 3 )]
transform = Transform( -0.790337, 0, -0.612672, 0, 1, 0, 0.612672, 0, -0.790337, 24.4781, 4.76837e-07, -28.2971 )

[node name="barrel31" parent="props" instance=ExtResource( 3 )]
transform = Transform( -0.790337, 0, -0.612672, 0, 1, 0, 0.612672, 0, -0.790337, 24.9448, 1.19209e-06, -30.4036 )

[node name="barrel32" parent="props" instance=ExtResource( 3 )]
transform = Transform( -0.790337, 0, -0.612672, 0, 1, 0, 0.612672, 0, -0.790337, 25.4434, 1.19209e-06, -30.8659 )

[node name="barrel33" parent="props" instance=ExtResource( 3 )]
transform = Transform( -0.790337, 0, -0.612672, 0, 1, 0, 0.612672, 0, -0.790337, 24.9289, 9.53674e-07, -30.9559 )

[node name="barrel41" parent="props" instance=ExtResource( 3 )]
transform = Transform( -0.790337, 0, -0.612672, 0, 1, 0, 0.612672, 0, -0.790337, 24.766, 9.53674e-07, -38.9523 )

[node name="barrel42" parent="props" instance=ExtResource( 3 )]
transform = Transform( -0.790337, 0, -0.612672, 0, 1, 0, 0.612672, 0, -0.790337, 25.8218, 1.07288e-06, -38.4805 )

[node name="barrel43" parent="props" instance=ExtResource( 3 )]
transform = Transform( -0.790337, 0, -0.612672, 0, 1, 0, 0.612672, 0, -0.790337, 25.7166, 9.53674e-07, -39.0357 )

[node name="barrel44" parent="props" instance=ExtResource( 3 )]
transform = Transform( -0.790337, 0, -0.612672, 0, 1, 0, 0.612672, 0, -0.790337, 25.3478, 9.53674e-07, -38.8802 )

[node name="barrel45" parent="props" instance=ExtResource( 3 )]
transform = Transform( -0.790337, 0, -0.612672, 0, 1, 0, 0.612672, 0, -0.790337, 25.0262, 9.53674e-07, -39.3243 )

[node name="barrel50" parent="props" instance=ExtResource( 3 )]
transform = Transform( -0.790337, 0, -0.612672, 0, 1, 0, 0.612672, 0, -0.790337, 13.5586, 9.53674e-07, -57.042 )

[node name="barrel51" parent="props" instance=ExtResource( 3 )]
transform = Transform( -0.790337, 0, -0.612672, 0, 1, 0, 0.612672, 0, -0.790337, 13.4021, 9.53674e-07, -57.602 )

[node name="barrel52" parent="props" instance=ExtResource( 3 )]
transform = Transform( -0.790337, 0, -0.612672, 0, 1, 0, 0.612672, 0, -0.790337, 14.0835, 9.53674e-07, -57.4649 )

[node name="barrel63" parent="props" instance=ExtResource( 3 )]
transform = Transform( -0.790337, 0, -0.612672, 0, 1, 0, 0.612672, 0, -0.790337, 16.0145, 9.53674e-07, -49.61 )

[node name="barrel73" parent="props" instance=ExtResource( 3 )]
transform = Transform( -0.790337, 0, -0.612672, 0, 1, 0, 0.612672, 0, -0.790337, 14.7264, 9.53674e-07, -50.9667 )

[node name="barrel64" parent="props" instance=ExtResource( 3 )]
transform = Transform( -0.790337, 0, -0.612672, 0, 1, 0, 0.612672, 0, -0.790337, 15.9653, 9.53674e-07, -48.7186 )

[node name="barrel65" parent="props" instance=ExtResource( 3 )]
transform = Transform( -0.790337, 0, -0.612672, 0, 1, 0, 0.612672, 0, -0.790337, 16.359, 9.53674e-07, -49.2554 )

[node name="barrel66" parent="props" instance=ExtResource( 3 )]
transform = Transform( -0.790337, 0, -0.612672, 0, 1, 0, 0.612672, 0, -0.790337, 16.446, 9.53674e-07, -48.5704 )

[node name="barrel67" parent="props" instance=ExtResource( 3 )]
transform = Transform( -0.790337, 0, -0.612672, 0, 1, 0, 0.612672, 0, -0.790337, 16.9682, 9.53674e-07, -48.2219 )

[node name="barrel62" parent="props" instance=ExtResource( 3 )]
transform = Transform( -0.790337, 0, -0.612672, 0, 1, 0, 0.612672, 0, -0.790337, 13.7382, 0.767662, -56.1969 )

[node name="barrel53" parent="props" instance=ExtResource( 3 )]
transform = Transform( 0.788032, 0, -0.615634, 0, 1, 0, 0.615634, 0, 0.788032, 13.7253, 9.53674e-07, -58.6849 )

[node name="barrel54" parent="props" instance=ExtResource( 3 )]
transform = Transform( 0.788032, 0, -0.615634, 0, 1, 0, 0.615634, 0, 0.788032, 13.2209, 9.53674e-07, -58.3956 )

[node name="barrel55" parent="props" instance=ExtResource( 3 )]
transform = Transform( 0.788032, 0, -0.615634, 0, 1, 0, 0.615634, 0, 0.788032, 13.1864, 9.53674e-07, -59.0898 )

[node name="barrel56" parent="props" instance=ExtResource( 3 )]
transform = Transform( 0.788032, 0, -0.615634, 0, 1, 0, 0.615634, 0, 0.788032, 14.5824, 1.07288e-06, -58.3359 )

[node name="barrel57" parent="props" instance=ExtResource( 3 )]
transform = Transform( 0.788032, 0, -0.615634, 0, 1, 0, 0.615634, 0, 0.788032, 14.078, 1.07288e-06, -58.0466 )

[node name="barrel58" parent="props" instance=ExtResource( 3 )]
transform = Transform( 0.788032, 0, -0.615634, 0, 1, 0, 0.615634, 0, 0.788032, 14.0435, 1.07288e-06, -58.7408 )

[node name="barrel68" parent="props" instance=ExtResource( 3 )]
transform = Transform( -0.790337, 0, -0.612672, 0, 1, 0, 0.612672, 0, -0.790337, 21.3695, 9.53674e-07, -55.8073 )

[node name="barrel69" parent="props" instance=ExtResource( 3 )]
transform = Transform( 0.788032, 0, -0.615634, 0, 1, 0, 0.615634, 0, 0.788032, 21.6927, 9.53674e-07, -56.8902 )

[node name="barrel70" parent="props" instance=ExtResource( 3 )]
transform = Transform( 0.788032, 0, -0.615634, 0, 1, 0, 0.615634, 0, 0.788032, 21.1883, 9.53674e-07, -56.601 )

[node name="barrel71" parent="props" instance=ExtResource( 3 )]
transform = Transform( 0.788032, 0, -0.615634, 0, 1, 0, 0.615634, 0, 0.788032, 22.5497, 1.07288e-06, -56.5412 )

[node name="barrel72" parent="props" instance=ExtResource( 3 )]
transform = Transform( 0.788032, 0, -0.615634, 0, 1, 0, 0.615634, 0, 0.788032, 22.0108, 1.07288e-06, -56.9462 )

[node name="barrel59" parent="props" instance=ExtResource( 3 )]
transform = Transform( 0.788032, 0, -0.615634, 0, 1, 0, 0.615634, 0, 0.788032, 14.1202, 1.19209e-06, -59.6121 )

[node name="barrel60" parent="props" instance=ExtResource( 3 )]
transform = Transform( 0.788032, 0, -0.615634, 0, 1, 0, 0.615634, 0, 0.788032, 13.6158, 1.19209e-06, -59.3229 )

[node name="barrel61" parent="props" instance=ExtResource( 3 )]
